8.46292 0.243462 -3.03909 -0.087429 8.6 0.25 -3.00029 0
8.4475 0.251491 -1.52218 0.050347 8.45 0.25 -3.00027 0
8.55793 0.242558 -0.00764174 -0.0826039 8.45 0.25 0 0
8.45789 0.253812 -0.0119659 0.0448133 8.45 0.25 0 0
8.42391 0.253778 -1.78221 -0.0135338 8.35 0.25 -1.81979 0
8.24138 0.249233 -1.78244 -0.0187242 8.25 0.25 -1.81978 0
7.94677 0.189623 -3.7209 -0.257058 8.05 0.2 -3.99976 -0.99994
7.8391 0.160153 -3.71894 -0.310643 7.85 0.15 -3.99972 -0.99993
7.61699 0.154746 -3.234 -0.405196 7.7 0.15 -2.99982 0
7.53843 0.159172 -3.23463 -0.353044 7.55 0.15 -2.99982 0
7.49937 0.0968315 -1.94669 -0.43936 7.45 0.100001 -1.8165 -0.908239
7.34361 0.0352428 -1.94557 -0.513471 7.35 0.0500011 -1.81648 -0.90823
7.20656 0.0068189 -2.76017 -0.282896 7.2 9.49949e-07 -2.72851 -0.909507
7.05408 -0.0524927 -2.76017 -0.358674 7.05 -0.0499992 -2.72849 -0.909499
6.7612 -0.143836 -1.72677 -0.659112 6.95 -0.15 -1.81898 -1.81898
6.84599 -0.257225 -1.72726 -0.775011 6.85 -0.25 -1.81896 -1.81897
6.67636 -0.34464 -2.04894 -0.694204 6.75 -0.349999 -2.00076 -2.00075
6.64188 -0.460954 -2.05331 -0.795647 6.65 -0.449999 -2.00076 -2.00075
6.60514 -0.558147 -0.977966 -1.37832 6.6 -0.549999 -0.998836 -1.99769
6.56021 -0.650419 -0.980139 -1.40599 6.55 -0.65 -0.99884 -1.99769
6.41603 -0.843281 -0.602543 -1.76655 6.5 -0.85 -0.908747 -3.63498
6.45651 -1.05046 -0.616658 -1.89073 6.45 -1.05 -0.908739 -3.63494
6.38797 -1.15092 -1.4254 -1.1359 6.35 -1.15 -1.81897 -1.81898
6.2561 -1.24934 -1.43482 -1.18522 6.25 -1.25 -1.81896 -1.81896
6.4152 -1.48207 1.05002 -2.73051 6.3 -1.45 0.909739 -3.63894
6.36551 -1.65608 1.03902 -2.77863 6.35 -1.65 0.909727 -3.63891
6.32974 -1.80051 -0.507212 -1.28146 6.3 -1.8 -0.999494 -2.9985
6.24758 -1.94901 -0.532902 -1.36908 6.25 -1.95 -0.999489 -2.99847
6.31143 -2.11269 0.916654 -2.58321 6.3 -2.1 0.999984 -2.99994
6.34666 -2.23836 0.916635 -2.58312 6.35 -2.25 0.999979 -2.99994
6.33112 -2.39454 0.194125 -2.00609 6.35 -2.4 0 -2.72613
6.34911 -2.55081 0.17966 -2.04416 6.35 -2.55 0 -2.72611
6.42509 -2.72063 0.877832 -2.70058 6.4 -2.7 0.909499 -2.72851
6.4334 -2.84299 0.881035 -2.69255 6.45 -2.85 0.909503 -2.72851
6.46633 -2.99998 0.480957 -2.3747 6.45 -3 0 -2.99754
6.44219 -3.14893 0.462561 -2.41321 6.45 -3.15 0 -2.99754
6.51735 -3.32185 0.960947 -2.92553 6.5 -3.3 0.910402 -2.7312
6.54581 -3.45796 0.965739 -2.91597 6.55 -3.45 0.910402 -2.7312
6.63294 -3.59629 1.31991 -3.20807 6.65 -3.6 1.81722 -2.72583
6.75901 -3.75492 1.33962 -3.17345 6.75 -3.75 1.81721 -2.72581
6.83684 -3.92352 0.942139 -2.83519 6.8 -3.9 0.907988 -2.72396
6.86056 -4.05849 0.944133 -2.83149 6.85 -4.05 0.907976 -2.72393
6.87301 -4.18709 0.917348 -2.80233 6.9 -4.2 0.909334 -2.72801
6.94292 -4.34465 0.921045 -2.79659 6.95 -4.35 0.90933 -2.72799
7.04832 -4.49253 0.513059 -2.35953 7 -4.45 0.910054 -1.8201
7.04173 -4.55162 0.534153 -2.32696 7.05 -4.55 0.910054 -1.8201
7.09953 -4.68213 0.917158 -2.62917 7.1 -4.7 0.908302 -2.72489
7.14739 -4.86057 0.901326 -2.65269 7.15 -4.85 0.908297 -2.72489
7.30312 -5.05335 1.46598 -3.19655 7.25 -5 1.81907 -2.72861
7.30586 -5.15556 1.47447 -3.18377 7.35 -5.15 1.81907 -2.72861
7.30364 -5.23741 1.05397 -2.74135 7.4 -5.3 0.908194 -2.7246
7.44563 -5.45176 1.05298 -2.74351 7.45 -5.45 0.90819 -2.72457
7.62064 -5.61774 1.13083 -2.74382 7.55 -5.55 1.81974 -1.81974
7.64439 -5.66908 1.16344 -2.70044 7.65 -5.65 1.81972 -1.81972
7.61234 -5.75264 1.04669 -2.6108 7.7 -5.8 0.90983 -2.72951
7.73289 -5.95257 1.04283 -2.61645 7.75 -5.95 0.909826 -2.72948
7.81647 -6.07619 1.83728 -3.40002 7.85 -6.1 1.9986 -2.9979
7.95606 -6.24332 1.85493 -3.37818 7.95 -6.25 1.99858 -2.99787
8.16602 -6.43958 1.18187 -2.66017 8.05 -6.35 1.81738 -1.81739
8.16042 -6.45599 1.21683 -2.61631 8.15 -6.45 1.81737 -1.81737
8.09764 -6.52492 1.14321 -2.58291 8.2 -6.6 0.909293 -2.72787
8.2522 -6.74627 1.14087 -2.58666 8.25 -6.75 0.909293 -2.72787
8.26094 -6.79097 1.28785 -2.68524 8.35 -6.85 1.81994 -1.81993
8.44269 -6.95759 1.32316 -2.64413 8.45 -6.95 1.81993 -1.81993
8.40316 -7.02253 1.2084 -2.56177 8.5 -7.1 1.00006 -3.00018
8.54749 -7.24244 1.199 -2.57362 8.55 -7.25 1.00006 -3.00018
8.63919 -7.39381 1.77066 -3.18138 8.65 -7.4 1.99807 -2.99712
8.73544 -7.54231 1.77849 -3.17241 8.75 -7.55 1.99808 -2.99712
8.87123 -7.71133 0.878019 -2.19815 8.8 -7.65 0.909955 -1.8199
8.8469 -7.75653 0.883752 -2.19099 8.85 -7.75 0.909946 -1.81988
8.88312 -7.8878 1.33924 -2.66866 8.9 -7.9 0.999086 -2.9973
8.95946 -8.03777 1.33554 -2.67287 8.95 -8.05 0.999095 -2.9973
8.87243 -8.02303 0.752135 -2.00733 9 -8.15 0.909309 -1.8186
9.05603 -8.24088 0.763336 -1.99639 9.05 -8.25 0.909301 -1.81859
9.17081 -8.46305 1.33193 -2.62798 9.1 -8.4 1.0004 -3.00119
9.155 -8.54953 1.31754 -2.64284 9.15 -8.55 1.00038 -3.00117
9.23076 -8.68567 0.795477 -2.01141 9.2 -8.65 0.909508 -1.819
9.246 -8.76919 0.795476 -2.01115 9.25 -8.75 0.9095 -1.81899
9.3674 -9.00472 2.28511 -3.6745 9.35 -8.95 1.99965 -3.99928
9.44774 -9.154 2.28593 -3.67336 9.45 -9.15 1.99964 -3.99928
9.51031 -9.25272 1.06321 -2.19326 9.5 -9.25 0.999584 -1.99917
9.542 -9.35217 1.05814 -2.19821 9.55 -9.35 0.999584 -1.99917
9.48697 -9.42719 0.990786 -2.19514 9.55 -9.5 0 -3.00023
9.54746 -9.6474 0.944172 -2.24221 9.55 -9.65 0 -3.0002
9.69017 -9.87655 1.27696 -2.70876 9.6 -9.8 0.999005 -2.997
9.64822 -9.93572 1.26191 -2.72258 9.65 -9.95 0.998995 -2.997
9.61245 -9.96898 0.736365 -2.05888 9.7 -10.05 0.909855 -1.81969
9.73632 -10.1384 0.752113 -2.04458 9.75 -10.15 0.909847 -1.81969
9.91629 -10.4544 0.94469 -2.32911 9.75 -10.3 0 -3.00065
9.75934 -10.4753 0.888593 -2.38058 9.75 -10.45 0 -3.00063
9.72468 -10.5182 1.04368 -2.60227 9.8 -10.6 0.90817 -2.72451
9.84907 -10.7508 1.03533 -2.61055 9.85 -10.75 0.908161 -2.72448
9.89083 -10.9287 0.590339 -2.09709 9.85 -10.9 0 -2.73074
9.83779 -11.0412 0.544393 -2.13778 9.85 -11.05 0 -2.73073
9.84247 -11.1676 0.695319 -2.40162 9.85 -11.2 0 -2.99965
9.8462 -11.3484 0.651299 -2.43997 9.85 -11.35 0 -2.99961
9.88353 -11.5528 0.60781 -2.45887 9.85 -11.5 0 -2.99843
9.83366 -11.6317 0.584987 -2.47764 9.85 -11.65 0 -2.99843
9.86444 -11.8321 -0.201072 -1.37151 9.8 -11.75 -1.0003 -2.00061
9.75133 -11.8454 -0.232567 -1.39676 9.75 -11.85 -1.00029 -2.00059
9.7018 -11.9674 0.160712 -2.1151 9.7 -12 -1.0004 -3.00119
9.6545 -12.1483 0.0946694 -2.16811 9.65 -12.15 -1.00039 -3.00116
9.72457 -12.3781 -0.276944 -1.55387 9.6 -12.25 -0.999885 -1.99981
9.55176 -12.3501 -0.321484 -1.58715 9.55 -12.35 -0.999884 -1.99979
9.41165 -12.3846 -0.720054 -1.04717 9.45 -12.45 -1.99803 -1.99805
9.36099 -12.5479 -0.779641 -1.09221 9.35 -12.55 -1.99804 -1.99804
9.3428 -12.7034 -0.589022 -1.54113 9.3 -12.65 -0.909773 -1.81953
9.22302 -12.7619 -0.634317 -1.57342 9.25 -12.75 -0.909773 -1.81954
9.17642 -12.9722 -1.43516 -0.238379 9.05 -12.85 -3.99257 -1.99629
8.84653 -12.9529 -1.58224 -0.339708 8.85 -12.95 -3.99253 -1.99627
8.71975 -12.963 -1.49727 -0.640504 8.75 -13 -1.8213 -0.910651
8.66304 -13.0422 -1.50016 -0.642683 8.65 -13.05 -1.8213 -0.910651
8.55919 -13.1545 -1.77671 -0.232741 8.5 -13.1 -2.997 -0.999005
8.35972 -13.156 -1.84452 -0.275421 8.35 -13.15 -2.997 -0.998995
8.23927 -13.1632 -2.12369 0.390161 8.2 -13.15 -2.72741 0
8.0374 -13.1512 -2.18965 0.350388 8.05 -13.15 -2.72742 0
7.83787 -13.0582 -2.18506 0.26451 7.9 -13.15 -2.72986 0
7.76436 -13.1623 -2.20316 0.253287 7.75 -13.15 -2.72986 0
7.66004 -13.2977 -1.94999 -0.520186 7.6 -13.2 -2.9979 -0.999304
7.45005 -13.2532 -1.9992 -0.547121 7.45 -13.25 -2.9979 -0.999304
7.23233 -13.105 -2.30493 0.36296 7.3 -13.25 -2.72846 0
7.15894 -13.2351 -2.32742 0.350214 7.15 -13.25 -2.72844 0
6.90639 -12.9728 -2.6462 1.19764 7 -13.2 -2.99784 0.999284
6.84729 -13.1445 -2.68185 1.17834 6.85 -13.15 -2.99784 0.999284
6.7664 -13.2229 -2.60615 0.939611 6.7 -13.1 -2.72787 0.909275
6.5589 -13.07 -2.61607 0.935359 6.55 -13.05 -2.72787 0.909284
6.39863 -13.0787 -2.42918 0.254531 6.4 -13.05 -2.72678 0
6.26181 -13.0536 -2.42739 0.255432 6.25 -13.05 -2.72678 0
6.11014 -13.0056 -2.59412 0.817517 6.1 -13 -2.72966 0.909888
5.94246 -12.9496 -2.6102 0.810426 5.95 -12.95 -2.72963 0.90988
5.81183 -12.8442 -2.96199 2.09793 5.8 -12.85 -2.99777 1.99851
5.6513 -12.7366 -2.9704 2.09438 5.65 -12.75 -2.99778 1.99852
5.49039 -12.5855 -2.54981 0.789698 5.55 -12.7 -1.81798 0.908995
5.43667 -12.6497 -2.51656 0.802834 5.45 -12.65 -1.81799 0.908995
5.28573 -12.4821 -2.79761 1.85591 5.3 -12.55 -2.72627 1.81753
5.13065 -12.4666 -2.82904 1.84294 5.15 -12.45 -2.72625 1.8175
5.03268 -12.3831 -2.68814 1.48171 5.05 -12.35 -1.8199 1.81989
4.92906 -12.2509 -2.63372 1.50271 4.95 -12.25 -1.81991 1.8199
4.75631 -11.9946 -2.7138 1.83617 4.85 -12.15 -1.99928 1.99929
4.75645 -12.0632 -2.6565 1.85666 4.75 -12.05 -1.99928 1.99928
4.68259 -11.9134 -2.62624 2.04046 4.7 -11.9 -0.908236 2.72471
4.64185 -11.7453 -2.51798 2.08037 4.65 -11.75 -0.908231 2.7247
4.5821 -11.6266 -2.15823 1.37732 4.6 -11.65 -0.909847 1.81971
4.54812 -11.5702 -2.09185 1.40174 4.55 -11.55 -0.909843 1.81969
4.48238 -11.3693 -2.78822 3.44725 4.5 -11.35 -1.0008 4.0032
4.43877 -11.1505 -2.69807 3.48076 4.45 -11.15 -1.0008 4.00321
4.41246 -11.0301 -1.69605 1.38938 4.45 -11.05 0 1.81614
4.44888 -10.9304 -1.57591 1.43486 4.45 -10.95 0 1.81612
4.44066 -10.7899 -1.79136 2.08755 4.45 -10.8 0 2.72555
4.45571 -10.6462 -1.68452 2.12944 4.45 -10.65 0 2.72554
4.45351 -10.5731 -1.57141 2.05532 4.45 -10.5 0 2.729
4.43924 -10.3406 -1.4694 2.09724 4.45 -10.35 0 2.72898
4.50371 -10.2383 -1.24038 1.93483 4.5 -10.2 0.908962 2.72687
4.54712 -10.0456 -1.11724 1.98681 4.55 -10.05 0.908954 2.72685
4.61886 -9.96937 -0.999508 1.99939 4.6 -9.9 0.909756 2.72927
4.6362 -9.75169 -0.901862 2.04354 4.65 -9.75 0.909752 2.72926
4.6068 -9.44998 -0.876045 2.17103 4.7 -9.6 0.90859 2.72578
4.74221 -9.45818 -0.778229 2.21656 4.75 -9.45 0.908586 2.72576
4.87675 -9.39255 -0.249645 1.72919 4.85 -9.3 1.81967 2.72952
4.94692 -9.14182 -0.125197 1.79258 4.95 -9.15 1.81967 2.72951
4.95329 -8.96987 0.18901 1.52592 5 -9.05 0.999884 1.99977
5.03965 -8.94862 0.221218 1.5433 5.05 -8.95 0.999874 1.99974
5.19434 -8.88845 0.247194 1.68384 5.15 -8.8 1.81805 2.72708
5.26777 -8.63882 0.355776 1.74724 5.25 -8.65 1.81803 2.72705
5.37466 -8.56587 0.871961 1.36 5.35 -8.55 1.99956 1.99957
5.44807 -8.42878 0.918095 1.38929 5.45 -8.45 1.99954 1.99954
5.55858 -8.4409 0.849299 1.45764 5.5 -8.35 0.909045 1.81807
5.53999 -8.24595 0.855611 1.46263 5.55 -8.25 0.909045 1.81808
5.64577 -8.03624 0.924508 1.55871 5.7 -8.1 2.72608 2.72608
5.84791 -7.95582 1.0213 1.62596 5.85 -7.95 2.72606 2.72606
5.93467 -7.84236 1.26556 1.50402 5.95 -7.85 1.81801 1.81801
6.05878 -7.73604 1.30912 1.53745 6.05 -7.75 1.81802 1.81801
6.13711 -7.63385 1.33289 1.53783 6.15 -7.65 1.81798 1.81798
6.25568 -7.54345 1.36144 1.56121 6.25 -7.55 1.81798 1.81798
6.38804 -7.46243 1.53008 1.48297 6.35 -7.45 1.82027 1.82027
6.45241 -7.36452 1.52686 1.48031 6.45 -7.35 1.82025 1.82025
6.49005 -7.10952 2.08877 1.16725 6.6 -7.25 2.99862 1.99908
6.75236 -7.14402 2.12512 1.19987 6.75 -7.15 2.99862 1.99908
6.69163 -6.95104 1.14723 1.67622 6.8 -7.05 0.908005 1.816
6.86136 -6.94551 1.15869 1.68679 6.85 -6.95 0.908 1.81601
7.08191 -6.91607 2.0601 1.13154 7 -6.85 2.72856 1.81904
7.15776 -6.75341 2.08937 1.16264 7.15 -6.75 2.72854 1.81902
7.29096 -6.69271 1.37352 1.52971 7.25 -6.65 1.8202 1.8202
7.3553 -6.56154 1.39031 1.54885 7.35 -6.55 1.82018 1.82018
7.53758 -6.52511 2.74927 0.835759 7.5 -6.5 2.99964 0.999884
7.65702 -6.46456 2.75043 0.837304 7.65 -6.45 2.99964 0.999884
7.68006 -6.35718 2.07616 1.12566 7.75 -6.4 1.81709 0.908549
7.85075 -6.35718 2.06946 1.11657 7.85 -6.35 1.81709 0.908545
8.02698 -6.28508 2.11561 1.14225 8 -6.25 2.72931 1.81954
8.13765 -6.14736 2.14742 1.18423 8.15 -6.15 2.72928 1.81952
8.21344 -6.02753 1.65587 1.40529 8.25 -6.05 1.99977 1.99976
8.33546 -5.94693 1.67205 1.42782 8.35 -5.95 1.99977 1.99976
8.50512 -5.88427 2.73118 1.03456 8.5 -5.9 2.72796 0.909326
8.65885 -5.86239 2.717 1.01331 8.65 -5.85 2.72796 0.909321
8.76617 -5.75674 1.67329 1.44403 8.75 -5.75 1.81776 1.81775
8.85454 -5.6434 1.68662 1.46525 8.85 -5.65 1.81774 1.81773
9.01725 -5.59969 1.73554 1.4632 8.95 -5.55 1.99657 1.99656
9.05198 -5.45529 1.75002 1.48806 9.05 -5.45 1.99654 1.99655
9.05694 -5.29527 2.75568 1.17632 9.2 -5.4 2.72728 0.909094
9.3395 -5.3243 2.74962 1.16407 9.35 -5.35 2.72727 0.90909
9.39462 -5.2303 1.57145 1.51112 9.45 -5.25 1.81816 1.81815
9.5516 -5.13219 1.59299 1.55112 9.55 -5.15 1.81813 1.81813
9.74177 -5.13766 1.60563 1.5167 9.65 -5.05 1.82036 1.82036
9.7601 -4.93375 1.63699 1.58026 9.75 -4.95 1.82036 1.82037
9.91337 -4.86866 1.53231 1.61633 9.85 -4.85 1.81578 1.81577
9.95726 -4.7443 1.53768 1.62829 9.95 -4.75 1.81575 1.81575
10.005 -4.5584 1.38148 1.7365 10.05 -4.6 1.82039 2.7306
10.1416 -4.45138 1.39564 1.76782 10.15 -4.45 1.8204 2.7306
10.1999 -4.27305 1.45384 1.82086 10.25 -4.3 1.81769 2.72652
10.3627 -4.16356 1.46884 1.85685 10.35 -4.15 1.81768 2.7265
10.5895 -4.11216 2.04975 1.79464 10.45 -4.05 1.81792 1.81792
10.5448 -3.94677 2.0505 1.79905 10.55 -3.95 1.8179 1.8179
10.7027 -3.85541 1.67869 1.86339 10.65 -3.85 1.81903 1.81904
10.7623 -3.75009 1.67598 1.85591 10.75 -3.75 1.81902 1.81903
10.7949 -3.61798 0.843381 1.98637 10.8 -3.6 0.909773 2.72931
10.8525 -3.46253 0.856823 2.02902 10.85 -3.45 0.909764 2.72928
10.9583 -3.30212 1.90357 1.98981 10.95 -3.3 1.99953 2.99928
11.0449 -3.15699 1.91337 2.02421 11.05 -3.15 1.9995 2.99925
11.1138 -3.00675 0.713436 2.05969 11.1 -3 0.907725 2.72317
11.1429 -2.86619 0.718817 2.08134 11.15 -2.85 0.907708 2.72314
11.1522 -2.68737 0.832026 2.12848 11.2 -2.7 0.908929 2.72678
11.2514 -2.55342 0.838413 2.15551 11.25 -2.55 0.908929 2.72678
11.125 -2.38677 -0.948016 2.13142 11.2 -2.4 -0.909276 2.72782
11.1576 -2.25621 -0.941973 2.16019 11.15 -2.25 -0.909276 2.72782
11.2053 -2.08008 1.66166 2.20442 11.25 -2.1 1.81915 2.72871
11.3514 -1.95787 1.66379 2.21503 11.35 -1.95 1.81913 2.72869
11.3062 -1.81611 0.137514 2.08316 11.35 -1.8 0 2.73035
11.3322 -1.67099 0.141925 2.11412 11.35 -1.65 0 2.73033
11.0816 -1.46236 -0.831367 2.12724 11.3 -1.5 -0.999165 2.99748
11.255 -1.3581 -0.827595 2.15106 11.25 -1.35 -0.999155 2.99745
11.1692 -1.23736 -0.868856 2.14436 11.2 -1.25 -0.909822 1.81964
11.1518 -1.1573 -0.871767 2.11185 11.15 -1.15 -0.909822 1.81964
10.8711 -0.948457 -1.99645 2.13673 11.05 -0.95 -1.99817 3.99632
10.9546 -0.730875 -1.98699 2.24948 10.95 -0.75 -1.99816 3.99632
10.8627 -0.64713 -0.932803 2.47609 10.9 -0.649999 -0.908549 1.8171
10.8637 -0.55223 -0.93402 2.43942 10.85 -0.549999 -0.908532 1.81708
10.84 -0.445213 -1.81328 2.31831 10.75 -0.45 -1.8174 1.81738
10.656 -0.34691 -1.81431 2.28702 10.65 -0.35 -1.8174 1.81738
10.5075 -0.25434 -2.94046 2.11368 10.5 -0.25 -2.72796 1.81864
10.3438 -0.150737 -2.94052 2.10154 10.35 -0.15 -2.72796 1.81864
10.4663 -0.066689 -1.86344 2.22565 10.25 -0.0999996 -1.81964 0.909826
10.158 -0.0462511 -1.86323 2.1271 10.15 -0.0499992 -1.81963 0.909818
9.93494 0.00193848 -2.58393 1.99222 10 9.49949e-07 -2.73049 0.910169
9.85546 0.0366363 -2.58198 1.92015 9.85 0.0500011 -2.73047 0.910161
9.64573 0.063089 -2.71254 1.83394 9.7 0.0500011 -2.72439 0
9.54567 0.039936 -2.70884 1.71379 9.55 0.0500011 -2.72438 0
9.32828 0.113247 -2.78745 1.69341 9.4 0.100001 -2.72773 0.90923
9.24305 0.154596 -2.78576 1.64258 9.25 0.15 -2.7277 0.909222
9.0639 0.203818 -2.73951 1.60915 9.1 0.2 -2.72652 0.908843
8.94682 0.260895 -2.73816 1.57804 8.95 0.25 -2.72653 0.908843
8.89573 0.259524 -1.92652 1.60587 8.85 0.25 -1.81847 0
8.76077 0.265397 -1.92271 1.5277 8.75 0.25 -1.81846 0
8.47603 0.252946 -3.59137 1.35535 8.55 0.25 -3.6326 0
8.35214 0.254061 -3.58726 1.28162 8.35 0.25 -3.6326 0
8.06222 0.249445 -2.74437 1.24278 8.2 0.25 -2.72841 0
8.05121 0.24925 -2.74023 1.17136 8.05 0.25 -2.72842 0
7.79684 0.210386 -2.60293 1.08066 7.9 0.2 -2.72708 -0.909025
7.74157 0.146512 -2.59669 0.958225 7.75 0.15 -2.72705 -0.909016
7.75976 0.103298 -2.73186 0.871739 7.6 0.100001 -2.73169 -0.910554
7.4568 0.0473115 -2.7294 0.775464 7.45 0.0500011 -2.73169 -0.910554
7.16619 0.0427933 -3.08177 0.777423 7.3 0.0500011 -2.99789 0
7.16304 0.0298293 -3.08029 0.729275 7.15 0.0500011 -2.9979 0
7.16158 -0.0368188 -1.79811 0.611649 7.05 -0.0499995 -1.81811 -1.81813
6.95647 -0.144869 -1.79662 0.473689 6.95 -0.15 -1.8181 -1.81811
6.83341 -0.245711 -1.78309 0.346043 6.85 -0.25 -1.81646 -1.81646
6.76337 -0.342972 -1.78452 0.233076 6.75 -0.35 -1.81645 -1.81645
6.74277 -0.451523 -1.52501 0.0348189 6.65 -0.45 -1.81901 -1.819
6.54799 -0.563522 -1.53094 -0.079917 6.55 -0.549999 -1.81899 -1.81898
6.56075 -0.746431 -0.589701 -0.631661 6.5 -0.749999 -0.909789 -3.63914
6.451 -0.937637 -0.603527 -0.786229 6.45 -0.949999 -0.909781 -3.63911
6.44065 -1.10672 -0.711357 -0.828377 6.4 -1.1 -1.0002 -3.00061
6.34529 -1.25908 -0.727125 -0.928889 6.35 -1.25 -1.0002 -3.00061
6.38784 -1.36206 -0.611037 -1.04891 6.3 -1.35 -1.00035 -2.00072
6.25567 -1.42901 -0.617553 -1.07776 6.25 -1.45 -1.00036 -2.00072
6.24729 -1.61013 0.387853 -1.71091 6.25 -1.6 0 -2.99288
6.23611 -1.75218 0.374947 -1.76342 6.25 -1.75 0 -2.99285
6.39903 -1.92783 0.884041 -2.22363 6.3 -1.9 0.909739 -2.72921
6.35074 -2.05365 0.875308 -2.25098 6.35 -2.05 0.909735 -2.72921
6.51962 -2.25341 0.336968 -1.88721 6.35 -2.2 0 -2.72782
6.37261 -2.33932 0.325154 -1.9186 6.35 -2.35 0 -2.72779
6.2787 -2.51971 0.460157 -2.14376 6.35 -2.55 0 -3.63689
6.34207 -2.73197 0.435079 -2.2086 6.35 -2.75 0 -3.63689
6.45083 -2.92329 1.00241 -2.86426 6.4 -2.9 0.908854 -2.72658
6.44003 -3.06295 0.998167 -2.87273 6.45 -3.05 0.908859 -2.72658
6.49227 -3.20022 0.912706 -2.77058 6.5 -3.2 0.908863 -2.72658
6.53593 -3.34232 0.915312 -2.76537 6.55 -3.35 0.908855 -2.72655
6.69238 -3.53082 0.918575 -2.74915 6.6 -3.5 0.908714 -2.72613
6.64853 -3.64032 0.914998 -2.75468 6.65 -3.65 0.908702 -2.72611
6.70827 -3.81677 1.01539 -2.86477 6.7 -3.8 0.909565 -2.72871
6.74916 -3.96389 1.01611 -2.86338 6.75 -3.95 0.909561 -2.72869
6.74356 -4.06935 0.895376 -2.72843 6.8 -4.1 0.908566 -2.72568
6.85664 -4.25392 0.897358 -2.72589 6.85 -4.25 0.908561 -2.72569
7.08683 -4.48917 1.49897 -3.2579 6.95 -4.4 1.81821 -2.72732
7.04929 -4.55941 1.5124 -3.23597 7.05 -4.55 1.81822 -2.72732
7.03416 -4.64743 1.08576 -2.82368 7.1 -4.7 0.91085 -2.73253
7.13352 -4.85396 1.07494 -2.84007 7.15 -4.85 0.910837 -2.73251
7.24258 -4.9756 0.887348 -2.59886 7.2 -4.95 1.00033 -2.00068
7.25387 -5.04725 0.901785 -2.57818 7.25 -5.05 1.00033 -2.00066
7.22523 -5.10908 1.78953 -3.3088 7.35 -5.2 1.9976 -2.9964
7.43358 -5.34675 1.79514 -3.30207 7.45 -5.35 1.9976 -2.9964
7.42351 -5.38704 0.767508 -2.2453 7.5 -5.45 0.908252 -1.8165
7.55478 -5.56598 0.772526 -2.23943 7.55 -5.55 0.908244 -1.81648
7.40905 -5.54465 1.50576 -2.88322 7.65 -5.7 1.81785 -2.72677
7.75907 -5.83962 1.53675 -2.84488 7.75 -5.85 1.81785 -2.72677
7.84844 -5.9987 0.705017 -2.092 7.8 -5.95 0.909078 -1.81815
7.85981 -6.04639 0.72678 -2.06362 7.85 -6.05 0.909073 -1.81815
7.89412 -6.14894 1.53593 -2.79823 7.95 -6.2 1.8197 -2.72955
8.05461 -6.35923 1.53756 -2.79687 8.05 -6.35 1.81969 -2.72953
8.21628 -6.53623 1.62825 -2.84612 8.15 -6.5 1.8187 -2.72807
8.25551 -6.64941 1.62951 -2.84409 8.25 -6.65 1.81869 -2.72804
8.32563 -6.76788 0.8523 -2.0795 8.3 -6.75 0.908979 -1.81795
8.3184 -6.84076 0.850827 -2.08078 8.35 -6.85 0.908979 -1.81795
8.27825 -6.91712 1.18241 -2.43845 8.4 -7 0.909094 -2.72732
8.43981 -7.15165 1.17318 -2.45036 8.45 -7.15 0.909102 -2.72732
8.53709 -7.26588 1.60853 -2.87251 8.55 -7.3 1.81751 -2.72628
8.6583 -7.46898 1.60049 -2.88211 8.65 -7.45 1.81752 -2.72628
8.83042 -7.67158 0.860134 -2.10329 8.7 -7.55 0.908615 -1.81723
8.76997 -7.64388 0.883463 -2.0758 8.75 -7.65 0.908607 -1.81721
8.78094 -7.73252 1.64073 -2.80141 8.85 -7.8 1.8215 -2.73224
8.95496 -7.95021 1.64586 -2.79639 8.95 -7.95 1.82148 -2.73221
9.10424 -8.2109 1.47238 -2.676 9 -8.1 0.999025 -2.99707
9.05726 -8.24421 1.46864 -2.67913 9.05 -8.25 0.999015 -2.99704
9.14059 -8.3963 0.716595 -1.82952 9.1 -8.35 0.908285 -1.81657
9.14107 -8.45076 0.721569 -1.82378 9.15 -8.45 0.908268 -1.81655
9.21658 -8.59205 1.26782 -2.40666 9.2 -8.6 0.91012 -2.73036
9.25097 -8.76004 1.23425 -2.44219 9.25 -8.75 0.910112 -2.73033
9.30405 -8.90655 1.22058 -2.4547 9.3 -8.9 0.909524 -2.72856
9.34483 -9.04581 1.20614 -2.4695 9.35 -9.05 0.909524 -2.72856
9.40046 -9.18745 1.33942 -2.64736 9.4 -9.2 0.999066 -2.99725
9.44558 -9.37096 1.30669 -2.68047 9.45 -9.35 0.999075 -2.99724
9.48992 -9.46783 1.17038 -2.48556 9.5 -9.5 0.909706 -2.7291
9.551 -9.64706 1.14779 -2.50797 9.55 -9.65 0.909706 -2.7291
9.57451 -9.75669 1.21162 -2.60124 9.6 -9.8 1.00048 -3.00143
9.62424 -9.94044 1.18215 -2.62989 9.65 -9.95 1.00046 -3.00141
9.62011 -9.97149 0.932037 -2.2781 9.7 -10.05 0.998785 -1.99755
9.74411 -10.1489 0.94017 -2.27099 9.75 -10.15 0.998775 -1.99754
9.78229 -10.3201 0.572812 -1.91867 9.75 -10.3 0 -2.72851
9.76646 -10.4497 0.535765 -1.95335 9.75 -10.45 0 -2.72849
9.88759 -10.7039 0.98074 -2.61316 9.8 -10.6 0.909012 -2.72704
9.8525 -10.7556 0.97846 -2.61445 9.85 -10.75 0.909012 -2.72703
9.85436 -10.9186 0.595485 -2.1973 9.85 -10.9 0 -3.00318
9.85742 -11.0508 0.571826 -2.21838 9.85 -11.05 0 -3.00316
9.75938 -11.0578 0.704047 -2.44638 9.85 -11.2 0 -3.00013
9.84292 -11.353 0.649897 -2.49429 9.85 -11.35 0 -3.00012
9.80431 -11.4673 0.672701 -2.60646 9.85 -11.5 0 -2.99592
9.83934 -11.6458 0.651324 -2.62466 9.85 -11.65 0 -2.99592
9.78296 -11.6941 -0.166619 -1.39592 9.8 -11.75 -0.908731 -1.81746
9.74812 -11.8496 -0.221144 -1.44089 9.75 -11.85 -0.908731 -1.81746
9.78595 -12.1085 0.00487144 -1.92941 9.7 -12 -0.909591 -2.72875
9.64756 -12.147 -0.0457478 -1.96909 9.65 -12.15 -0.909582 -2.72873
9.58371 -12.2877 -0.0830291 -2.03934 9.6 -12.3 -0.908879 -2.72667
9.5521 -12.4572 -0.127351 -2.07359 9.55 -12.45 -0.908879 -2.72665
9.39689 -12.4789 -0.666371 -1.21876 9.45 -12.55 -1.82006 -1.82006
9.35888 -12.6479 -0.715608 -1.25566 9.35 -12.65 -1.82005 -1.82005
9.18661 -12.6763 -1.1331 -0.646446 9.2 -12.75 -3.00047 -2.00033
9.02974 -12.8314 -1.24568 -0.726978 9.05 -12.85 -3.00048 -2.00033
8.87091 -12.7987 -1.31554 -0.640748 8.95 -12.9 -1.81543 -0.907707
8.84158 -12.9657 -1.34776 -0.663326 8.85 -12.95 -1.81542 -0.907708
8.68181 -13.0079 -1.32666 -0.86636 8.7 -13.05 -2.73134 -1.82089
8.5541 -13.1428 -1.40351 -0.916896 8.55 -13.15 -2.73135 -1.82089
8.30783 -12.9959 -2.07883 0.618181 8.4 -13.15 -2.99683 0
8.2584 -13.1451 -2.11795 0.593023 8.25 -13.15 -2.9968 0
8.05 -13.0736 -1.72884 -0.416675 8.1 -13.2 -2.72707 -0.909028
7.95816 -13.2478 -1.79333 -0.456227 7.95 -13.25 -2.72705 -0.90902
7.87753 -13.3948 -2.10722 0.243672 7.8 -13.25 -2.7295 0
7.62755 -13.2518 -2.14912 0.220739 7.65 -13.25 -2.7295 0
7.51248 -13.2878 -2.21065 0.306872 7.5 -13.25 -2.99994 0
7.34303 -13.248 -2.24152 0.290289 7.35 -13.25 -2.99994 0
7.2066 -13.1942 -2.50927 1.03029 7.2 -13.2 -2.72698 0.908995
7.04968 -13.1602 -2.53307 1.01776 7.05 -13.15 -2.72695 0.908987
6.80637 -13.0479 -2.49636 0.743722 6.85 -13.15 -3.63709 0
6.6514 -13.1574 -2.57085 0.705298 6.65 -13.15 -3.63709 0
6.54624 -13.1965 -2.71583 1.19559 6.5 -13.1 -3.0006 1.00018
6.35432 -13.0416 -2.7223 1.19306 6.35 -13.05 -3.0006 1.00019
6.25218 -13.1124 -2.30851 -0.132492 6.25 -13.05 -1.81729 0
6.1443 -13.0485 -2.2658 -0.112682 6.15 -13.05 -1.81729 0
6.01277 -12.9415 -2.75965 1.53794 6 -12.95 -2.72861 1.81906
5.86375 -12.8411 -2.75155 1.54156 5.85 -12.85 -2.72861 1.81907
5.73573 -12.8601 -2.6651 1.20599 5.7 -12.8 -2.99988 0.999964
5.55217 -12.7497 -2.68618 1.1973 5.55 -12.75 -2.99985 0.999954
5.44536 -12.7379 -2.58837 0.837889 5.45 -12.7 -2.00001 1
5.35486 -12.6433 -2.54081 0.857302 5.35 -12.65 -1.99998 0.999994
5.26593 -12.5517 -2.71842 1.59497 5.25 -12.55 -1.99732 1.99733
5.13757 -12.4362 -2.70064 1.60209 5.15 -12.45 -1.9973 1.9973
5.11701 -12.5576 -2.64736 1.56306 5.05 -12.35 -1.8206 1.82059
4.94499 -12.2484 -2.59251 1.58529 4.95 -12.25 -1.82058 1.82058
4.89112 -12.1586 -2.84905 2.59862 4.85 -12.1 -1.9998 2.99969
4.75048 -11.9592 -2.82561 2.60773 4.75 -11.95 -1.9998 2.9997
4.6301 -11.789 -2.44709 1.58245 4.7 -11.85 -1.00002 2.00003
4.63717 -11.7504 -2.35471 1.61646 4.65 -11.75 -1.00001 2.00002
4.5817 -11.632 -2.59245 2.46476 4.6 -11.6 -0.998955 2.99688
4.56407 -11.4586 -2.48458 2.50479 4.55 -11.45 -0.99896 2.99689
4.4646 -11.2201 -2.41802 2.50306 4.5 -11.3 -1.00106 3.00319
4.45794 -11.1415 -2.33907 2.53248 4.45 -11.15 -1.00106 3.00319
4.42046 -11.0963 -1.79837 1.34961 4.45 -11.05 0 1.8168
4.43587 -10.9538 -1.67264 1.39774 4.45 -10.95 0 1.81679
4.40284 -10.7193 -1.90743 2.15692 4.45 -10.8 0 3.00139
4.45223 -10.6607 -1.80578 2.19605 4.45 -10.65 0 3.00138
4.43675 -10.5618 -1.25853 1.3056 4.45 -10.55 0 2.00041
4.4504 -10.4428 -1.17874 1.33798 4.45 -10.45 0 2.00038
4.45098 -10.2267 -1.31195 1.82892 4.5 -10.3 0.999584 2.99875
4.55027 -10.1342 -1.17862 1.88428 4.55 -10.15 0.999574 2.99871
4.55867 -10.0071 -1.26232 2.14776 4.55 -10 0 2.72717
4.55791 -9.84216 -1.18579 2.18177 4.55 -9.85 0 2.72714
4.61304 -9.66389 -0.714317 1.66219 4.65 -9.7 1.8193 2.72895
4.74065 -9.53588 -0.560952 1.73256 4.75 -9.55 1.81929 2.72894
4.74507 -9.28772 -0.825257 2.17688 4.8 -9.4 1.00006 3.00019
4.84184 -9.23964 -0.745352 2.2163 4.85 -9.25 1.00005 3.00015
4.9745 -9.20156 0.263233 1.12686 4.95 -9.15 2.00004 2.00005
5.0222 -9.03295 0.330836 1.16302 5.05 -9.05 2.00004 2.00004
5.11526 -8.96124 -0.391208 2.0486 5.1 -8.9 0.999704 2.99911
5.14026 -8.73328 -0.310597 2.0949 5.15 -8.75 0.999689 2.99907
5.32626 -8.80121 0.676512 1.15441 5.25 -8.65 1.81848 1.81849
5.36416 -8.57145 0.74968 1.19916 5.35 -8.55 1.81846 1.81846
5.386 -8.32727 0.185327 1.83863 5.45 -8.4 2.00068 3.00103
5.53591 -8.25156 0.270356 1.89323 5.55 -8.25 2.00066 3.00099
5.57236 -8.05386 1.13793 1.24228 5.65 -8.15 1.99952 1.99953
5.74357 -8.0507 1.18468 1.27412 5.75 -8.05 1.9995 1.9995
5.78149 -7.92399 0.712877 1.67806 5.8 -7.95 0.999944 1.99989
5.84912 -7.8806 0.714608 1.67907 5.85 -7.85 0.999939 1.99988
5.92352 -7.70426 1.10307 1.41696 5.95 -7.75 1.99772 1.99772
6.03909 -7.64701 1.13254 1.43948 6.05 -7.65 1.99771 1.9977
6.16388 -7.55492 1.30664 1.38196 6.15 -7.55 1.8199 1.8199
6.23861 -7.45357 1.3206 1.39359 6.25 -7.45 1.8199 1.81991
6.26516 -7.19 1.98921 1.01309 6.4 -7.35 2.99605 1.99736
6.55079 -7.24679 2.03931 1.05591 6.55 -7.25 2.99605 1.99736
6.67136 -7.22688 2.06785 1.02035 6.65 -7.2 1.8206 0.910303
6.74741 -7.15647 2.05506 1.00838 6.75 -7.15 1.8206 0.910298
6.79752 -7.00806 1.46374 1.47338 6.85 -7.05 1.99848 1.99848
6.95176 -6.96035 1.48986 1.49895 6.95 -6.95 1.99846 1.99846
7.17367 -6.93588 2.197 1.14736 7.1 -6.85 2.72688 1.81792
7.25027 -6.72902 2.24493 1.19872 7.25 -6.75 2.72688 1.81792
7.41638 -6.72358 1.4809 1.52642 7.35 -6.65 1.81821 1.81821
7.46406 -6.55024 1.50818 1.55826 7.45 -6.55 1.81821 1.81821
7.54949 -6.50015 2.03505 1.25089 7.55 -6.5 1.81726 0.908632
7.65387 -6.46415 2.01677 1.22876 7.65 -6.45 1.81726 0.908632
7.86063 -6.44554 2.60811 0.909033 7.8 -6.4 2.72951 0.909839
7.94289 -6.3457 2.60756 0.908938 7.95 -6.35 2.72948 0.909826
7.90202 -6.13957 1.67311 1.37764 8.05 -6.25 2.00047 2.00048
8.12076 -6.14238 1.68791 1.39624 8.15 -6.15 2.00048 2.00048
8.30957 -6.05523 2.16668 1.25154 8.3 -6.05 2.72702 1.81801
8.45267 -5.97186 2.18129 1.27186 8.45 -5.95 2.727 1.818
8.53329 -5.90466 2.07091 1.29937 8.55 -5.9 2.00127 1.00064
8.64197 -5.83403 2.07466 1.305 8.65 -5.85 2.00128 1.00064
8.87919 -5.81534 2.51809 1.14936 8.8 -5.75 2.99963 1.99976
8.94387 -5.64757 2.54565 1.19372 8.95 -5.65 2.99961 1.99974
9.19896 -5.64723 1.81051 1.4364 9.05 -5.55 1.99699 1.997
9.15621 -5.45499 1.82457 1.46172 9.15 -5.45 1.997 1.99701
9.17358 -5.30428 1.70225 1.51851 9.25 -5.35 1.8166 1.81659
9.34688 -5.23584 1.71553 1.54149 9.35 -5.25 1.8166 1.81659
9.39408 -5.10826 1.67874 1.56646 9.45 -5.15 1.8222 1.82219
9.54094 -5.04677 1.68118 1.5705 9.55 -5.05 1.82219 1.82219
9.6318 -5.01396 2.21892 1.3788 9.65 -5 1.99604 0.998028
9.74986 -4.94292 2.2209 1.38275 9.75 -4.95 1.99605 0.998028
9.87554 -4.86848 1.53963 1.59535 9.85 -4.85 1.81895 1.81894
9.94533 -4.76283 1.5435 1.60379 9.95 -4.75 1.81894 1.81894
10.0695 -4.63126 1.3491 1.71053 10.05 -4.6 1.81966 2.72951
10.1386 -4.45491 1.37763 1.77487 10.15 -4.45 1.81965 2.72948
10.179 -4.32865 1.62813 1.75054 10.25 -4.35 1.81908 1.81907
10.3476 -4.259 1.63095 1.75642 10.35 -4.25 1.81908 1.81907
10.5485 -4.162 1.55853 1.81836 10.45 -4.1 2.00061 3.0009
10.5572 -3.9625 1.58163 1.88072 10.55 -3.95 2.0006 3.0009
10.7651 -3.88569 2.05104 1.86318 10.65 -3.85 1.99963 1.99964
10.742 -3.74911 2.04978 1.86128 10.75 -3.75 1.99962 1.99962
10.7652 -3.60422 0.599504 2.06319 10.8 -3.6 0.999844 2.99952
10.8583 -3.43604 0.621823 2.13357 10.85 -3.45 0.999834 2.99949
10.9614 -3.34462 1.9746 2.05927 10.95 -3.35 2.00065 2.00064
11.0506 -3.2511 1.97163 2.049 11.05 -3.25 2.00064 2.00064
11.031 -3.09548 0.675618 2.18162 11.1 -3.1 0.998546 2.99563
11.1551 -2.94477 0.690796 2.23873 11.15 -2.95 0.998526 2.9956
11.1388 -2.80075 -0.122886 2.25417 11.15 -2.8 0 2.73104
11.1408 -2.65133 -0.116813 2.28016 11.15 -2.65 0 2.73102
11.1075 -2.54009 0.0473018 2.25705 11.15 -2.55 0 1.81785
11.1489 -2.45821 0.0409684 2.22568 11.15 -2.45 0 1.81785
11.1712 -2.25016 1.64207 2.19851 11.25 -2.25 1.99733 3.99465
11.357 -2.05349 1.66048 2.29291 11.35 -2.05 1.99733 3.99465
11.3163 -1.93869 0.167138 2.02609 11.35 -1.95 0 1.81854
11.3499 -1.86556 0.162483 1.99373 11.35 -1.85 0 1.81853
11.4134 -1.70701 0.118321 2.05064 11.35 -1.7 0 2.72762
11.3581 -1.53323 0.12477 2.09965 11.35 -1.55 0 2.72762
11.259 -1.39788 -0.994307 1.98153 11.3 -1.4 -0.908846 2.72653
11.2421 -1.24325 -0.988965 2.02945 11.25 -1.25 -0.908846 2.72653
11.0824 -1.09715 -1.64712 1.99113 11.15 -1.1 -1.82014 2.73021
11.0531 -0.928207 -1.64146 2.05376 11.05 -0.949999 -1.82013 2.73021
10.9293 -0.791383 -1.32051 2.12359 11 -0.799999 -1.00036 3.00107
10.9418 -0.641309 -1.31758 2.16759 10.95 -0.65 -1.00035 3.00104
10.7256 -0.497613 -2.1443 2.05144 10.85 -0.5 -2.00003 3.00006
10.7445 -0.363145 -2.14268 2.08563 10.75 -0.35 -2.00002 3.00003
10.6855 -0.295913 -1.77149 2.1121 10.65 -0.3 -1.81779 0.908892
10.5478 -0.265023 -1.77239 2.02791 10.55 -0.25 -1.81778 0.908893
10.4972 -0.16454 -2.85296 1.96765 10.4 -0.15 -3.00061 2.00041
10.2507 -0.0479113 -2.85342 1.98261 10.25 -0.0499992 -3.0006 2.00041
10.1407 -0.0540346 -1.93812 2.04998 10.15 -0.0499992 -1.99645 0
10.0316 -0.0499161 -1.93634 1.96018 10.05 -0.0499992 -1.99644 0
10.0752 -0.00156097 -2.6009 1.88765 9.9 9.49949e-07 -2.73175 0.910584
9.75072 0.0475673 -2.60069 1.83441 9.75 0.0500011 -2.73174 0.910584
9.51274 0.0836248 -3.02268 1.74744 9.6 0.100001 -2.99544 0.998471
9.45628 0.149876 -3.02168 1.72673 9.45 0.15 -2.99545 0.998471
9.23586 0.174593 -1.95063 1.79399 9.35 0.15 -1.81963 0
9.24221 0.142397 -1.94499 1.66068 9.25 0.15 -1.81962 0
9.07677 0.200752 -2.95993 1.62463 9.1 0.2 -3.00059 1.0002
8.96212 0.251544 -2.95872 1.59589 8.95 0.25 -3.0006 1.0002
8.8398 0.262369 -2.94901 1.5324 8.8 0.25 -2.99995 0
8.6568 0.247204 -2.94504 1.44861 8.65 0.25 -2.99994 0
8.44191 0.251191 -2.88124 1.38937 8.5 0.25 -2.99323 0
8.34094 0.252151 -2.87789 1.32353 8.35 0.25 -2.9932 0
8.26458 0.250108 -2.64493 1.25739 8.2 0.25 -2.73233 0
8.04012 0.261881 -2.64265 1.20248 8.05 0.25 -2.73234 0
7.97516 0.210319 -2.87596 1.08405 7.9 0.2 -3.00234 -1.00078
7.73527 0.151497 -2.87137 0.982386 7.75 0.15 -3.00231 -1.00077
7.47196 0.144879 -3.12346 0.957499 7.6 0.15 -2.99599 0
7.45172 0.150161 -3.12143 0.913866 7.45 0.15 -2.99596 0
7.37543 0.104717 -1.85144 0.854132 7.35 0.100001 -1.81801 -0.908998
7.26726 0.0569555 -1.84829 0.757652 7.25 0.0500011 -1.81801 -0.908998
7.31191 -0.0391338 -2.73908 0.704518 7.1 -0.0499995 -2.72495 -1.81664
6.93595 -0.130685 -2.73773 0.576153 6.95 -0.15 -2.72492 -1.81662
7.07746 -0.249325 -0.93297 -0.0297344 6.9 -0.25 -0.910634 -1.82126
6.85159 -0.341002 -0.934735 -0.121488 6.85 -0.35 -0.910622 -1.82124
6.65548 -0.44713 -2.93055 0.503475 6.7 -0.45 -2.99641 -1.99759
6.54693 -0.534401 -2.93544 0.403215 6.55 -0.549999 -2.99637 -1.99757
6.50217 -0.707447 -0.887817 -0.470221 6.5 -0.7 -0.909955 -2.72986
6.45449 -0.849315 -0.896653 -0.583808 6.45 -0.85 -0.909955 -2.72986
6.42514 -0.995816 -0.572867 -0.897346 6.4 -1 -0.999224 -2.99766
6.35624 -1.15993 -0.588057 -1.00586 6.35 -1.15 -0.99921 -2.99763
6.15881 -1.28033 -0.724136 -1.00898 6.3 -1.3 -0.908722 -2.72618
6.22764 -1.45143 -0.740687 -1.09644 6.25 -1.45 -0.908718 -2.72616
6.35914 -1.60814 0.889461 -2.31638 6.3 -1.6 0.910485 -2.73144
6.34602 -1.75104 0.882467 -2.34333 6.35 -1.75 0.910481 -2.73144
6.34344 -1.88596 0.359913 -1.99269 6.35 -1.9 0 -2.99515
6.35834 -2.03778 0.347263 -2.03448 6.35 -2.05 0 -2.99515
6.4438 -2.22933 0.30681 -2.06646 6.35 -2.2 0 -2.72856
6.34301 -2.34081 0.295494 -2.09747 6.35 -2.35 0 -2.72854
6.48657 -2.55988 0.967604 -2.72392 6.4 -2.5 0.908227 -2.7247
6.45443 -2.65176 0.975293 -2.70324 6.45 -2.65 0.908223 -2.72467
6.46896 -2.80304 0.124206 -2.01124 6.45 -2.8 0 -2.72732
6.45799 -2.9395 0.112627 -2.03727 6.45 -2.95 0 -2.7273
6.37324 -3.0976 1.08044 -2.95961 6.5 -3.15 0.909078 -3.6363
6.54123 -3.33747 1.07144 -2.97964 6.55 -3.35 0.90907 -3.63626
6.64202 -3.5298 0.875718 -2.77279 6.6 -3.5 0.910038 -2.7301
6.65677 -3.67089 0.873126 -2.77719 6.65 -3.65 0.910033 -2.7301
6.70963 -3.81948 0.808568 -2.70864 6.7 -3.8 0.908095 -2.7243
6.74442 -3.9592 0.810096 -2.70591 6.75 -3.95 0.908091 -2.72428
6.73092 -4.05611 0.695582 -2.58143 6.8 -4.1 0.910949 -2.73284
6.83676 -4.25334 0.689755 -2.59159 6.85 -4.25 0.910945 -2.73284
6.8667 -4.32915 0.513837 -2.37607 6.9 -4.35 0.999834 -1.99968
6.94765 -4.45374 0.525701 -2.35835 6.95 -4.45 0.999829 -1.99966
6.98999 -4.58476 1.49301 -3.15182 7.05 -4.6 1.99653 -2.99479
7.1418 -4.76573 1.5045 -3.13532 7.15 -4.75 1.99653 -2.99479
7.12975 -4.79644 0.874025 -2.48287 7.2 -4.85 1.00098 -2.00196
7.2571 -4.94663 0.887318 -2.46451 7.25 -4.95 1.00097 -2.00194
7.28665 -5.09293 0.963272 -2.55201 7.3 -5.1 0.90969 -2.72906
7.33925 -5.24877 0.955951 -2.56238 7.35 -5.25 0.909677 -2.72904
7.34127 -5.32063 1.75339 -3.36543 7.45 -5.4 1.99976 -2.99964
7.54745 -5.55221 1.76372 -3.3525 7.55 -5.55 1.99976 -2.99964
7.59857 -5.64164 0.847355 -2.42717 7.6 -5.65 1.00038 -2.00076
7.64476 -5.73415 0.861385 -2.40881 7.65 -5.75 1.00037 -2.00074
7.64314 -5.82645 1.47603 -2.95259 7.75 -5.9 1.81659 -2.7249
7.84154 -6.04972 1.49037 -2.93514 7.85 -6.05 1.81659 -2.7249
7.91706 -6.14924 0.726783 -2.12385 7.9 -6.15 0.909251 -1.81851
7.95032 -6.2597 0.727274 -2.12316 7.95 -6.25 0.909247 -1.81849
8.09116 -6.38456 1.30783 -2.58649 8.05 -6.35 1.81576 -1.81577
8.15904 -6.45967 1.33875 -2.5481 8.15 -6.45 1.81577 -1.81577
8.33289 -6.65402 1.62398 -2.76083 8.25 -6.6 1.8218 -2.73269
8.33454 -6.74762 1.61772 -2.76774 8.35 -6.75 1.8218 -2.73269
8.46395 -6.95205 1.20714 -2.38841 8.4 -6.9 0.907987 -2.72401
8.44557 -7.04007 1.19426 -2.40319 8.45 -7.05 0.907988 -2.72398
8.53484 -7.23119 1.23253 -2.4867 8.5 -7.2 0.910054 -2.73014
8.5585 -7.36838 1.21421 -2.50785 8.55 -7.35 0.910046 -2.73012
8.69679 -7.49206 1.3673 -2.6107 8.65 -7.45 1.99827 -1.99828
8.75672 -7.55668 1.39353 -2.58077 8.75 -7.55 1.99828 -1.99828
8.75464 -7.67047 1.25304 -2.49503 8.8 -7.7 0.909061 -2.72717
8.84975 -7.85299 1.24216 -2.50766 8.85 -7.85 0.909053 -2.72715
8.88838 -7.97023 1.17072 -2.43375 8.9 -8 0.908945 -2.72688
8.95084 -8.16281 1.14116 -2.46645 8.95 -8.15 0.908953 -2.72687
9.0333 -8.24513 1.1764 -2.42886 9.05 -8.25 1.82026 -1.82027
9.15047 -8.34861 1.21479 -2.38798 9.15 -8.35 1.82025 -1.82026
9.14579 -8.44423 1.52845 -2.70821 9.2 -8.5 0.999884 -2.99963
9.22883 -8.64915 1.49986 -2.73909 9.25 -8.65 0.999874 -2.9996
9.24258 -8.72592 1.34444 -2.5529 9.3 -8.8 0.999284 -2.99783
9.36284 -8.94969 1.32358 -2.57525 9.35 -8.95 0.999284 -2.99784
9.47651 -9.1297 0.799184 -1.9733 9.4 -9.05 0.909209 -1.81844
9.43866 -9.15914 0.798995 -1.97275 9.45 -9.15 0.90921 -1.81843
9.4489 -9.27295 1.12691 -2.37577 9.5 -9.3 0.908483 -2.72543
9.53825 -9.45097 1.11683 -2.38627 9.55 -9.45 0.908475 -2.72542
9.68034 -9.67387 1.16502 -2.45676 9.6 -9.6 0.909756 -2.72927
9.67427 -9.75897 1.15487 -2.46623 9.65 -9.75 0.909739 -2.72923
9.85557 -10.0553 1.30502 -2.69073 9.7 -9.9 0.998626 -2.99586
9.75063 -10.0497 1.28957 -2.7044 9.75 -10.05 0.998616 -2.99584
9.76463 -10.1866 0.684377 -1.99622 9.75 -10.2 0 -2.72857
9.74795 -10.3617 0.623835 -2.05364 9.75 -10.35 0 -2.72854
9.77089 -10.4495 0.982176 -2.53688 9.8 -10.5 0.909773 -2.7293
9.86182 -10.6451 0.974152 -2.54467 9.85 -10.65 0.909773 -2.7293
9.87671 -10.8128 0.541608 -2.07895 9.85 -10.8 0 -2.72846
9.84664 -10.9406 0.502914 -2.11369 9.85 -10.95 0 -2.72844
9.85038 -11.0927 0.568722 -2.27889 9.85 -11.1 0 -2.72748
9.83633 -11.2476 0.529546 -2.31318 9.85 -11.25 0 -2.72745
9.89224 -11.4538 0.60862 -2.48972 9.85 -11.4 0 -2.9967
9.87234 -11.5694 0.58652 -2.50826 9.85 -11.55 0 -2.99671
9.90538 -11.762 0.171809 -1.95674 9.8 -11.7 -0.909227 -2.72768
9.75064 -11.8627 0.0802274 -2.0319 9.75 -11.85 -0.909218 -2.72765
9.75966 -12.0103 -0.0173721 -1.90268 9.7 -12 -0.908714 -2.72613
9.65599 -12.1507 -0.0954052 -1.96462 9.65 -12.15 -0.908706 -2.7261
9.61214 -12.2389 -0.375957 -1.51735 9.6 -12.25 -0.909639 -1.81931
9.541 -12.3352 -0.412641 -1.54542 9.55 -12.35 -0.90964 -1.8193
9.40655 -12.3576 -0.807267 -0.98704 9.45 -12.45 -1.81824 -1.81825
9.35054 -12.5353 -0.872403 -1.03628 9.35 -12.55 -1.81823 -1.81823
9.34493 -12.8081 -1.11947 -0.770721 9.2 -12.65 -2.72578 -1.81718
9.05159 -12.755 -1.22134 -0.842859 9.05 -12.75 -2.72576 -1.81717
8.97653 -12.8165 -1.11007 -1.13057 8.95 -12.85 -1.8192 -1.81921
8.85018 -12.9411 -1.18083 -1.17889 8.85 -12.95 -1.81921 -1.81921
8.66816 -12.9521 -1.34979 -0.971345 8.7 -13.05 -2.72781 -1.81854
8.54856 -13.1469 -1.44318 -1.03287 8.55 -13.15 -2.7278 -1.81853
8.45603 -13.242 -2.06995 0.457459 8.4 -13.15 -2.72644 0
8.2616 -13.1497 -2.09569 0.442092 8.25 -13.15 -2.72641 0
8.11008 -13.1408 -2.13513 0.429969 8.1 -13.15 -3.00083 0
7.9523 -13.1586 -2.18369 0.400815 7.95 -13.15 -3.00084 0
7.84861 -13.2624 -1.95575 -0.28971 7.8 -13.2 -2.72553 -0.908516
7.64261 -13.2658 -2.0213 -0.327115 7.65 -13.25 -2.72554 -0.908516
7.52913 -13.2771 -2.47287 0.963784 7.5 -13.2 -2.72544 0.908483
7.35836 -13.1434 -2.46481 0.968635 7.35 -13.15 -2.72544 0.908483
7.19829 -13.1939 -2.26446 0.325186 7.2 -13.15 -2.73035 0
7.05337 -13.1567 -2.27181 0.321416 7.05 -13.15 -2.73035 0
6.88942 -13.1993 -2.44589 0.641694 6.85 -13.15 -3.63616 0
6.67355 -13.137 -2.49679 0.61628 6.65 -13.15 -3.63617 0
6.53152 -13.1352 -2.30023 -0.130573 6.55 -13.15 -1.81656 0
6.46785 -13.1583 -2.25771 -0.110518 6.45 -13.15 -1.81657 0
6.25007 -13.0206 -2.59445 0.797852 6.3 -13.1 -2.73109 0.910352
6.15627 -13.0308 -2.57663 0.805657 6.15 -13.05 -2.73109 0.91036
5.97068 -12.8772 -2.88902 1.80855 6 -12.95 -2.72331 1.81553
5.85622 -12.841 -2.87676 1.81356 5.85 -12.85 -2.72331 1.81554
5.72985 -12.8793 -2.64525 1.00681 5.7 -12.8 -2.72842 0.909475
5.55648 -12.757 -2.64369 1.00784 5.55 -12.75 -2.72839 0.909466
5.42482 -12.6946 -2.8147 1.71022 5.4 -12.65 -2.731 1.82067
5.23747 -12.5478 -2.82308 1.70715 5.25 -12.55 -2.731 1.82066
5.1574 -12.499 -2.7324 1.56068 5.15 -12.45 -1.81821 1.8182
5.04885 -12.3559 -2.67868 1.5817 5.05 -12.35 -1.8182 1.8182
4.99114 -12.3483 -2.66238 1.65549 4.95 -12.25 -1.99957 1.99957
4.86955 -12.1441 -2.61613 1.67353 4.85 -12.15 -1.99954 1.99955
4.824 -12.0494 -2.41552 1.30584 4.8 -12.05 -0.999954 1.99993
4.77198 -11.9355 -2.34646 1.33172 4.75 -11.95 -0.999959 1.99992
4.59821 -11.6808 -2.78898 2.5277 4.65 -11.8 -2.0002 3.00031
4.53988 -11.632 -2.74841 2.54242 4.55 -11.65 -2.0002 3.0003
4.51322 -11.5631 -2.29075 1.30144 4.55 -11.55 0 1.99749
4.5495 -11.4556 -2.15526 1.35095 4.55 -11.45 0 1.99746
4.47995 -11.2162 -2.74023 2.93565 4.5 -11.25 -0.90916 3.63662
4.45391 -11.0537 -2.63031 2.97662 4.45 -11.05 -0.909152 3.63659
4.37818 -10.8929 -1.70865 1.08839 4.45 -10.95 0 1.81807
4.45567 -10.8656 -1.5709 1.14067 4.45 -10.85 0 1.81808
4.48305 -10.7883 -1.80732 1.8886 4.45 -10.7 0 2.72865
4.43958 -10.557 -1.71561 1.92526 4.45 -10.55 0 2.72864
4.43453 -10.4001 -1.5852 1.89266 4.45 -10.4 0 2.72392
4.4391 -10.2478 -1.49071 1.9312 4.45 -10.25 0 2.72391
4.51545 -10.1806 -1.28726 1.8277 4.5 -10.1 0.909624 2.72885
4.54603 -9.94978 -1.15674 1.88336 4.55 -9.95 0.909615 2.72884
4.56905 -9.72206 -0.925202 1.76685 4.6 -9.8 0.909111 2.72733
4.64122 -9.63853 -0.830376 1.80936 4.65 -9.65 0.909107 2.72732
4.75178 -9.55069 -0.572217 1.67619 4.75 -9.5 1.81921 2.7288
4.82559 -9.37225 -0.456634 1.73196 4.85 -9.35 1.81921 2.7288
4.88905 -9.18905 -0.473215 1.92341 4.9 -9.2 0.908739 2.72622
4.94027 -9.04167 -0.398188 1.96243 4.95 -9.05 0.908743 2.72623
5.07915 -9.05564 0.326055 1.24475 5.05 -8.95 1.8169 1.81688
5.13777 -8.84744 0.412125 1.29308 5.15 -8.85 1.81688 1.81688
5.20855 -8.65004 0.261083 1.59442 5.25 -8.7 1.8201 2.73014
5.33628 -8.54753 0.347481 1.64577 5.35 -8.55 1.82008 2.73013
5.36012 -8.3986 0.54054 1.51041 5.4 -8.45 0.910244 1.82049
5.46069 -8.35961 0.569835 1.52886 5.45 -8.35 0.910249 1.8205
5.62212 -8.33241 0.315728 1.90421 5.55 -8.2 1.99657 2.99484
5.63869 -8.06334 0.385595 1.95227 5.65 -8.05 1.99657 2.99485
5.70169 -7.84977 1.24552 1.3548 5.75 -7.95 1.81871 1.81872
5.84205 -7.8502 1.25772 1.36306 5.85 -7.85 1.81871 1.81871
5.95338 -7.70797 1.55116 1.21855 6 -7.75 2.72961 1.81974
6.14243 -7.66205 1.60392 1.25924 6.15 -7.65 2.72961 1.81974
6.26391 -7.5634 1.36801 1.47574 6.25 -7.55 1.9992 1.9992
6.3385 -7.44288 1.39077 1.49516 6.35 -7.45 1.99918 1.99918
6.44249 -7.32955 1.50743 1.46073 6.45 -7.35 1.81911 1.81911
6.54899 -7.25683 1.51665 1.46886 6.55 -7.25 1.81909 1.81909
6.71018 -7.22544 1.67364 1.39863 6.65 -7.15 1.99996 1.99996
6.75308 -7.03463 1.70626 1.4304 6.75 -7.05 1.99996 1.99996
6.81956 -6.96019 2.1313 1.16382 6.85 -7 1.99752 0.998765
6.95001 -6.93496 2.12761 1.15982 6.95 -6.95 1.99752 0.998765
7.00897 -6.77196 2.07602 1.2273 7.1 -6.85 2.73035 1.82023
7.25305 -6.75476 2.11293 1.26563 7.25 -6.75 2.73035 1.82023
7.28994 -6.60262 1.76293 1.4603 7.35 -6.65 2.0006 2.0006
7.42844 -6.54844 1.77486 1.47358 7.45 -6.55 2.00058 2.00058
7.58612 -6.52924 2.25907 1.22238 7.55 -6.5 1.99841 0.999204
7.65357 -6.44376 2.25233 1.21462 7.65 -6.45 1.99838 0.999195
7.79435 -6.37469 2.96918 0.854491 7.8 -6.4 2.99952 0.999844
7.95676 -6.33981 2.97081 0.85644 7.95 -6.35 2.99949 0.999829
8.11414 -6.32804 1.43752 1.51204 8.05 -6.25 1.81603 1.81603
8.15273 -6.14418 1.46924 1.55527 8.15 -6.15 1.81603 1.81603
8.1396 -5.95792 1.62289 1.51052 8.25 -6.05 1.81921 1.81921
8.34601 -5.95129 1.62806 1.51664 8.35 -5.95 1.81921 1.81921
8.46424 -5.86144 2.85321 1.03505 8.5 -5.9 2.729 0.909673
8.64495 -5.83604 2.8468 1.02521 8.65 -5.85 2.72898 0.909661
8.68844 -5.69301 2.42154 1.19576 8.8 -5.75 2.72771 1.81848
8.94917 -5.65945 2.44429 1.23068 8.95 -5.65 2.72772 1.81848
8.99307 -5.53168 1.74725 1.47749 9.05 -5.55 1.99939 1.9994
9.1509 -5.45363 1.76577 1.50832 9.15 -5.45 1.9994 1.9994
9.25755 -5.41015 2.03092 1.39538 9.25 -5.4 1.81776 0.90888
9.34666 -5.33643 2.02423 1.38359 9.35 -5.35 1.81776 0.908875
9.35944 -5.17586 1.03936 1.77087 9.45 -5.2 1.81545 2.72317
9.55307 -5.07167 1.07273 1.83213 9.55 -5.05 1.81542 2.72314
9.61061 -4.9109 1.78734 1.70973 9.65 -4.95 1.82145 1.82147
9.7513 -4.83796 1.78799 1.71053 9.75 -4.85 1.82146 1.82146
10.0004 -4.839 1.83128 1.6839 9.85 -4.75 1.81961 1.8196
9.96004 -4.66259 1.83615 1.69635 9.95 -4.65 1.8196 1.8196
10.0039 -4.52405 1.84173 1.72018 10.05 -4.55 1.99827 1.99828
10.1546 -4.43583 1.85112 1.74133 10.15 -4.45 1.99826 1.99826
10.1617 -4.26655 1.37494 1.85703 10.25 -4.3 1.81693 2.72538
10.3293 -4.16688 1.38741 1.88693 10.35 -4.15 1.81692 2.72536
10.3776 -4.04147 1.93475 1.81527 10.45 -4.05 1.81951 1.8195
10.5537 -3.94159 1.94355 1.83811 10.55 -3.95 1.8195 1.81951
10.6463 -3.84997 1.81019 1.84272 10.65 -3.85 1.81817 1.81818
10.746 -3.74556 1.81107 1.84535 10.75 -3.75 1.81816 1.81817
10.9297 -3.6448 1.65033 1.89479 10.85 -3.6 1.81621 2.7243
10.9473 -3.45201 1.66718 1.94978 10.95 -3.45 1.8162 2.7243
11.0982 -3.3389 0.707093 2.02754 11 -3.3 0.908632 2.72588
11.0454 -3.16143 0.715937 2.06071 11.05 -3.15 0.908632 2.72588
10.9937 -2.96036 0.821821 2.10934 11.1 -3 0.909905 2.72971
11.1519 -2.85695 0.826593 2.1258 11.15 -2.85 0.909888 2.72968
11.0328 -2.68861 -0.113716 2.14817 11.15 -2.7 0 2.72847
11.1303 -2.55827 -0.105636 2.18186 11.15 -2.55 0 2.72844
11.2435 -2.4257 -0.0781434 2.21765 11.15 -2.4 0 2.72732
11.1586 -2.26654 -0.07502 2.23523 11.15 -2.25 0 2.72732
11.2222 -2.07868 1.65385 2.33424 11.25 -2.1 1.81905 2.72856
11.3475 -1.94565 1.65582 2.34459 11.35 -1.95 1.81905 2.72856
11.3857 -1.83982 -0.9052 2.07116 11.3 -1.8 -0.90916 2.72747
11.2409 -1.64302 -0.897182 2.13322 11.25 -1.65 -0.909152 2.72745
11.3252 -1.51221 -0.150865 2.19596 11.25 -1.5 0 2.72321
11.2636 -1.34915 -0.147267 2.22822 11.25 -1.35 0 2.72321
11.3044 -1.2039 -1.05969 2.15997 11.2 -1.2 -0.909524 2.72856
11.1574 -1.05548 -1.05843 2.17846 11.15 -1.05 -0.909524 2.72856
11.0035 -0.905828 -1.98646 2.09431 11.05 -0.9 -1.81945 2.72916
10.9435 -0.734274 -1.98241 2.15103 10.95 -0.75 -1.81942 2.72913
10.8384 -0.581016 -1.17325 2.31335 10.9 -0.599999 -0.909839 2.72952
10.8375 -0.441272 -1.17232 2.32867 10.85 -0.449999 -0.909822 2.72949
10.6384 -0.376659 -3.0198 1.93611 10.7 -0.349999 -2.99538 1.99692
10.5516 -0.247746 -3.0192 1.9657 10.55 -0.25 -2.99539 1.99691
10.4318 -0.179052 -1.69226 2.09647 10.45 -0.2 -1.81715 0.908579
10.3503 -0.141736 -1.69213 2.02186 10.35 -0.15 -1.81716 0.908579
10.2092 -0.110461 -2.55641 1.87139 10.2 -0.0999996 -2.73194 0.910655
10.0544 -0.0434297 -2.55606 1.83712 10.05 -0.0499992 -2.73194 0.910655
9.89196 0.0115736 -2.58784 1.79011 9.9 9.49949e-07 -2.72481 0.908268
9.75857 0.0570716 -2.58681 1.73905 9.75 0.0500011 -2.72477 0.90826
9.63551 0.102527 -1.86614 1.7614 9.65 0.100001 -1.81759 0.908784
9.56892 0.15047 -1.86462 1.71379 9.55 0.15 -1.81757 0.908775
9.55337 0.150845 -2.60507 1.54096 9.4 0.15 -2.72659 0
9.25667 0.151827 -2.60285 1.46407 9.25 0.15 -2.72658 0
9.0846 0.20909 -2.645 1.44128 9.1 0.2 -2.72925 0.909752
8.93582 0.244048 -2.64347 1.39874 8.95 0.25 -2.72926 0.909752
8.93355 0.267984 -2.82942 1.31987 8.8 0.25 -2.72783 0
8.64754 0.256043 -2.82648 1.24298 8.65 0.25 -2.7278 0
8.47103 0.255432 -2.75962 1.18049 8.5 0.25 -2.72395 0
8.35697 0.251527 -2.75625 1.11258 8.35 0.25 -2.72395 0
8.27582 0.203924 -2.77748 1.00416 8.2 0.2 -2.73278 -0.910929
8.03194 0.156183 -2.77351 0.908378 8.05 0.15 -2.73279 -0.910929
7.75622 0.152597 -4.03149 0.962478 7.85 0.15 -3.9992 0
7.63547 0.144446 -4.02945 0.910213 7.65 0.15 -3.99916 0
7.60895 0.165483 -2.03091 0.927961 7.55 0.15 -1.99868 0
7.44065 0.161427 -2.02978 0.883639 7.45 0.15 -1.99866 0
7.34271 0.104607 -2.77312 0.737936 7.3 0.100001 -2.72622 -0.908734
7.16817 0.0483029 -2.76998 0.642343 7.15 0.0500011 -2.72623 -0.908734
7.05699 -0.0430075 -1.95098 0.415814 7.05 -0.0499995 -1.81887 -1.81889
6.95034 -0.14236 -1.94901 0.295164 6.95 -0.15 -1.81888 -1.81889
6.87107 -0.23831 -1.75144 0.131949 6.85 -0.25 -1.81792 -1.81792
6.7634 -0.345837 -1.75326 0.0195855 6.75 -0.35 -1.81792 -1.81792
6.75073 -0.447975 -1.80708 -0.0611075 6.65 -0.45 -1.81881 -1.8188
6.56589 -0.551867 -1.81258 -0.162154 6.55 -0.549999 -1.81879 -1.81878
6.59632 -0.754699 -1.4167 -0.494279 6.45 -0.749999 -1.81971 -3.63941
6.36659 -0.939286 -1.43143 -0.656145 6.35 -0.949999 -1.81969 -3.63937
6.35455 -1.09993 0.13721 -1.91992 6.35 -1.1 0 -2.99522
6.36317 -1.24999 0.13017 -1.96499 6.35 -1.25 0 -2.99519
6.3142 -1.40512 -0.0243166 -1.91086 6.35 -1.4 0 -2.72817
6.3545 -1.55628 -0.0314108 -1.94392 6.35 -1.55 0 -2.72817
6.49735 -1.74168 0.156648 -2.11817 6.35 -1.7 0 -2.72628
6.35756 -1.83717 0.151943 -2.13281 6.35 -1.85 0 -2.72628
6.38616 -2.01837 0.0165743 -2.09711 6.35 -2 0 -2.73154
6.35152 -2.13759 0.0124893 -2.10945 6.35 -2.15 0 -2.73152
6.29358 -2.27812 0.115416 -2.24009 6.35 -2.3 0 -2.99503
6.33285 -2.43672 0.106098 -2.26618 6.35 -2.45 0 -2.99503
6.31167 -2.5738 0.859125 -2.94953 6.4 -2.6 0.909996 -2.73
6.45425 -2.75323 0.866385 -2.93327 6.45 -2.75 0.91 -2.73
6.41266 -2.87469 0.853313 -2.91992 6.5 -2.9 0.907593 -2.72277
6.54453 -3.01982 0.872588 -2.87915 6.55 -3.05 0.907584 -2.72274
6.70016 -3.31319 0.45703 -2.64039 6.55 -3.25 0 -3.63617
6.55123 -3.45522 0.426503 -2.70003 6.55 -3.45 0 -3.63613
6.52408 -3.56335 0.784692 -3.1162 6.6 -3.6 0.909673 -2.72901
6.64412 -3.73668 0.800624 -3.0886 6.65 -3.75 0.909661 -2.72898
6.71261 -3.84323 0.840459 -3.04337 6.75 -3.85 1.81795 -1.81795
6.85014 -3.93809 0.892195 -2.9579 6.85 -3.95 1.81793 -1.81793
7.11468 -4.27339 1.1998 -3.21397 6.9 -4.15 0.909979 -3.63994
6.95939 -4.33103 1.19363 -3.22177 6.95 -4.35 0.909975 -3.6399
7.01356 -4.44377 0.588466 -2.4984 7 -4.45 0.907889 -1.81577
7.05567 -4.55165 0.60392 -2.47492 7.05 -4.55 0.907881 -1.81576
7.15295 -4.75098 1.07322 -2.89113 7.1 -4.7 0.909789 -2.72935
7.13423 -4.82885 1.08582 -2.87162 7.15 -4.85 0.909777 -2.72933
7.27463 -5.02134 1.56473 -3.32095 7.25 -5 1.81861 -2.72792
7.34339 -5.14757 1.58441 -3.29287 7.35 -5.15 1.81859 -2.72789
7.33602 -5.26156 1.04758 -2.80818 7.4 -5.3 0.999994 -3
7.46025 -5.44881 1.04975 -2.80585 7.45 -5.45 0.999999 -3
7.47615 -5.49178 1.056 -2.72388 7.55 -5.55 1.81749 -1.81749
7.65737 -5.65487 1.09288 -2.67634 7.65 -5.65 1.81747 -1.81747
7.78045 -5.85406 0.943136 -2.55923 7.7 -5.8 0.909598 -2.72881
7.75437 -5.95899 0.932165 -2.57286 7.75 -5.95 0.909594 -2.72878
7.79759 -6.01748 1.08893 -2.654 7.85 -6.05 1.81964 -1.81964
7.94849 -6.15516 1.12647 -2.60747 7.95 -6.15 1.81962 -1.81962
8.04133 -6.30969 1.87752 -3.22301 8.05 -6.3 1.99731 -2.99599
8.1483 -6.44691 1.89257 -3.20425 8.15 -6.45 1.99732 -2.99598
8.26712 -6.59449 0.813416 -2.13045 8.2 -6.55 0.909111 -1.81822
8.254 -6.65121 0.819911 -2.12191 8.25 -6.65 0.909111 -1.81822
8.21723 -6.7388 1.21206 -2.52583 8.3 -6.8 0.90845 -2.72534
8.35304 -6.94579 1.20677 -2.5329 8.35 -6.95 0.908442 -2.72531
8.59967 -7.21706 1.63836 -2.9808 8.45 -7.1 1.81925 -2.72886
8.54958 -7.25073 1.64373 -2.97318 8.55 -7.25 1.81924 -2.72886
8.69232 -7.37578 1.33948 -2.57865 8.65 -7.35 1.82079 -1.8208
8.74754 -7.43503 1.37147 -2.5416 8.75 -7.45 1.8208 -1.8208
8.69874 -7.50677 1.5162 -2.70672 8.8 -7.6 0.997629 -2.99288
8.84828 -7.75127 1.49606 -2.73057 8.85 -7.75 0.997629 -2.99288
8.78905 -7.80469 1.00849 -2.20729 8.9 -7.9 0.909127 -2.72742
8.94393 -8.06826 0.982359 -2.23751 8.95 -8.05 0.909127 -2.7274
8.92705 -8.11783 0.824062 -2.04393 9 -8.15 0.909524 -1.81903
9.01802 -8.23492 0.842194 -2.02458 9.05 -8.25 0.909516 -1.81902
9.04863 -8.37065 1.13803 -2.36569 9.1 -8.4 0.909922 -2.72975
9.16176 -8.53237 1.14548 -2.35812 9.15 -8.55 0.909913 -2.72976
9.10344 -8.5693 1.57354 -2.85147 9.25 -8.7 1.8169 -2.72535
9.34755 -8.85204 1.58492 -2.84088 9.35 -8.85 1.81688 -2.72532
9.4091 -8.97025 1.22949 -2.43636 9.4 -9 0.910219 -2.73069
9.45377 -9.16091 1.19118 -2.47598 9.45 -9.15 0.910228 -2.73069
9.5172 -9.35465 1.20034 -2.55211 9.5 -9.3 0.997908 -2.99371
9.57011 -9.45209 1.21085 -2.54137 9.55 -9.45 0.997908 -2.99372
9.62992 -9.58662 0.680735 -1.91954 9.6 -9.55 0.909971 -1.81993
9.64647 -9.66984 0.681388 -1.9187 9.65 -9.65 0.909954 -1.81992
9.63883 -9.78977 0.74747 -2.05668 9.65 -9.8 0 -2.73054
9.64896 -9.95762 0.705187 -2.09805 9.65 -9.95 0 -2.73053
9.61729 -9.9976 1.18213 -2.73326 9.7 -10.1 0.998187 -2.99456
9.75003 -10.246 1.16646 -2.74883 9.75 -10.25 0.998187 -2.99455
9.77423 -10.3585 1.02409 -2.57391 9.8 -10.4 0.909806 -2.7294
9.86263 -10.5374 1.02253 -2.57566 9.85 -10.55 0.909797 -2.72938
9.87063 -10.6848 0.598474 -2.11251 9.85 -10.7 0 -2.72718
9.84775 -10.8537 0.542881 -2.16323 9.85 -10.85 0 -2.72715
9.77006 -10.8924 0.504222 -2.15052 9.85 -11 0 -2.72395
9.86299 -11.1421 0.475725 -2.17658 9.85 -11.15 0 -2.72395
9.87613 -11.3101 0.536425 -2.3326 9.85 -11.3 0 -2.73074
9.85139 -11.4463 0.502492 -2.36163 9.85 -11.45 0 -2.73075
9.9292 -11.6682 0.454683 -2.32883 9.85 -11.6 0 -2.72396
9.83413 -11.735 0.416119 -2.3603 9.85 -11.75 0 -2.72396
9.81649 -11.8646 0.239331 -2.15326 9.8 -11.9 -1.0005 -3.00149
9.75463 -12.0492 0.165815 -2.21298 9.75 -12.05 -1.0005 -3.0015
9.66887 -12.1558 -0.66871 -0.914611 9.65 -12.15 -1.81799 -1.81797
9.55664 -12.2325 -0.726692 -0.959896 9.55 -12.25 -1.81797 -1.81797
9.47889 -12.4199 -0.347966 -1.84717 9.45 -12.4 -1.82042 -2.73064
9.34387 -12.5581 -0.43635 -1.91392 9.35 -12.55 -1.82041 -2.73063
9.23714 -12.6456 -0.894113 -1.06422 9.25 -12.65 -1.99893 -1.99891
9.16507 -12.7496 -0.931968 -1.09139 9.15 -12.75 -1.99891 -1.9989
9.09238 -12.8317 -0.928149 -1.16302 9.05 -12.85 -1.81839 -1.81839
8.96081 -12.9418 -1.00234 -1.21434 8.95 -12.95 -1.81838 -1.81838
8.87959 -13.1147 -1.66643 -0.0236496 8.8 -13 -2.72942 -0.909806
8.65678 -13.046 -1.72222 -0.0599752 8.65 -13.05 -2.72941 -0.909806
8.50004 -13.0952 -1.47943 -0.784469 8.5 -13.15 -2.99987 -1.99991
8.345 -13.2362 -1.57272 -0.84401 8.35 -13.25 -2.99984 -1.9999
8.21078 -13.0826 -2.07902 0.673871 8.25 -13.2 -1.99797 0.998985
8.1557 -13.1466 -2.08674 0.66871 8.15 -13.15 -1.99797 0.998985
8.00313 -13.1844 -1.69907 -0.213879 8 -13.2 -2.73 -0.910004
7.85411 -13.2522 -1.76416 -0.252734 7.85 -13.25 -2.73 -0.910004
7.60755 -13.1336 -2.22278 0.809227 7.65 -13.25 -3.62957 0
7.4546 -13.2403 -2.31028 0.759174 7.45 -13.25 -3.62953 0
7.3308 -13.2677 -2.19946 0.331893 7.3 -13.25 -2.7301 0
7.13311 -13.2375 -2.25201 0.303985 7.15 -13.25 -2.73007 0
6.97923 -13.1675 -2.3077 0.465453 7 -13.25 -2.72703 0
6.84848 -13.2385 -2.34952 0.443732 6.85 -13.25 -2.727 0
6.71896 -13.2511 -2.54559 0.966845 6.7 -13.2 -2.72742 0.909144
6.55672 -13.1592 -2.5476 0.966098 6.55 -13.15 -2.72742 0.909144
6.33508 -12.9428 -2.62489 1.19172 6.4 -13.1 -2.72703 0.908994
6.24985 -13.0439 -2.64226 1.18267 6.25 -13.05 -2.727 0.908995
6.09649 -13.0015 -2.58004 0.935353 6.1 -13 -2.73 0.910004
5.95511 -12.9611 -2.58383 0.933598 5.95 -12.95 -2.72998 0.909996
5.89092 -13.1003 -2.64009 1.06403 5.8 -12.9 -2.99275 0.99759
5.66543 -12.839 -2.63978 1.06523 5.65 -12.85 -2.99275 0.99758
5.60939 -12.8464 -2.67617 1.3912 5.55 -12.75 -1.81993 1.81994
5.4525 -12.6258 -2.63302 1.40964 5.45 -12.65 -1.81994 1.81994
5.30819 -12.4382 -2.64059 1.562 5.35 -12.55 -1.81722 1.81723
5.249 -12.4429 -2.60076 1.57747 5.25 -12.45 -1.81721 1.81721
5.13409 -12.4289 -2.70657 1.88733 5.1 -12.35 -2.72881 1.8192
4.95059 -12.2745 -2.71813 1.88307 4.95 -12.25 -2.72881 1.81921
4.90914 -12.1843 -2.47662 1.29563 4.9 -12.15 -0.908467 1.81693
4.83907 -12.0374 -2.39577 1.32629 4.85 -12.05 -0.908462 1.81692
4.79679 -11.9683 -2.73445 2.44438 4.75 -11.9 -1.81788 2.72684
4.63834 -11.7595 -2.71666 2.45143 4.65 -11.75 -1.81788 2.72683
4.49596 -11.4701 -2.3003 1.37849 4.6 -11.65 -0.909963 1.81994
4.53662 -11.5379 -2.20569 1.41254 4.55 -11.55 -0.909959 1.81992
4.47023 -11.2792 -2.59521 2.77154 4.5 -11.35 -0.909227 3.63689
4.45277 -11.1549 -2.49819 2.80709 4.45 -11.15 -0.909218 3.63686
4.45552 -11.227 -1.82684 1.42575 4.4 -11.05 -0.909227 1.81845
4.36679 -10.9568 -1.75389 1.45429 4.35 -10.95 -0.909222 1.81844
4.34234 -10.699 -1.63315 1.49776 4.4 -10.8 0.9094 2.72823
4.4216 -10.6563 -1.50381 1.54668 4.45 -10.65 0.909396 2.72819
4.4437 -10.5358 -1.80032 2.26114 4.45 -10.5 0 3.00113
4.44517 -10.3526 -1.70799 2.29838 4.45 -10.35 0 3.00113
4.40818 -10.0165 -1.34506 1.89006 4.5 -10.2 0.999524 2.99855
4.55141 -10.042 -1.2218 1.94077 4.55 -10.05 0.999524 2.99856
4.56667 -9.85876 -1.1285 1.97111 4.6 -9.9 0.998267 2.9948
4.65555 -9.75104 -1.01438 2.02193 4.65 -9.75 0.998262 2.99479
4.60481 -9.48953 -0.276405 1.1105 4.7 -9.65 0.910924 1.82187
4.74122 -9.53677 -0.194939 1.14843 4.75 -9.55 0.910928 1.82186
4.7777 -9.36739 -0.587417 1.85611 4.8 -9.4 0.908038 2.72411
4.87273 -9.25471 -0.482489 1.90851 4.85 -9.25 0.908033 2.7241
4.9222 -9.03413 -0.187002 1.72991 4.95 -9.1 1.81851 2.72776
5.04362 -8.96321 -0.0959807 1.778 5.05 -8.95 1.81852 2.72777
5.102 -8.73267 0.0730864 1.76399 5.15 -8.8 1.8165 2.72476
5.25993 -8.64373 0.182559 1.82648 5.25 -8.65 1.8165 2.72475
5.34085 -8.55049 0.894105 1.25647 5.35 -8.55 1.82159 1.8216
5.43138 -8.43968 0.940448 1.2856 5.45 -8.45 1.82157 1.82157
5.50611 -8.36744 0.559873 1.68017 5.5 -8.35 0.908054 1.81609
5.54136 -8.23616 0.57955 1.69353 5.55 -8.25 0.908054 1.8161
5.71669 -8.19619 1.53387 0.822714 5.7 -8.15 2.72851 1.81902
5.85113 -8.03396 1.61761 0.88166 5.85 -8.05 2.72849 1.81899
5.97653 -7.97312 0.544621 1.70328 5.95 -7.9 1.81851 2.72777
6.04877 -7.75392 0.625887 1.76578 6.05 -7.75 1.81852 2.72777
6.20091 -7.73386 1.24088 1.35404 6.15 -7.65 1.81739 1.81739
6.24778 -7.56526 1.27102 1.37905 6.25 -7.55 1.81739 1.81739
6.38568 -7.48615 1.30923 1.41305 6.35 -7.45 1.8164 1.81641
6.44553 -7.36315 1.32312 1.42534 6.45 -7.35 1.81638 1.81638
6.6546 -7.30666 1.82917 1.16976 6.6 -7.25 2.72856 1.81904
6.74874 -7.14404 1.87079 1.20854 6.75 -7.15 2.72856 1.81904
6.83236 -7.05675 1.49955 1.4125 6.85 -7.05 1.82066 1.82066
6.97594 -6.96176 1.53665 1.44933 6.95 -6.95 1.82065 1.82065
7.1355 -6.88078 2.17427 1.12252 7.1 -6.85 2.99976 1.99984
7.25502 -6.74807 2.21104 1.16171 7.25 -6.75 2.99976 1.99984
7.23352 -6.61111 0.994008 1.72246 7.3 -6.65 0.999384 1.99876
7.33387 -6.53917 1.00773 1.73782 7.35 -6.55 0.999369 1.99874
7.67331 -6.66217 3.04945 0.521046 7.5 -6.55 2.72747 0
7.64785 -6.55937 3.0045 0.46944 7.65 -6.55 2.72745 0
7.91893 -6.60714 1.57827 1.31551 7.75 -6.45 1.81623 1.81624
7.84896 -6.34412 1.60458 1.34992 7.85 -6.35 1.81623 1.81624
7.9268 -6.23698 2.5971 0.893441 8 -6.3 2.72648 0.908821
8.14447 -6.23012 2.60515 0.903279 8.15 -6.25 2.72645 0.908817
8.35342 -6.19732 1.09339 1.60314 8.25 -6.1 1.81898 2.72847
8.35627 -5.9611 1.13952 1.66832 8.35 -5.95 1.81897 2.72844
8.45021 -5.86009 2.9295 1.02528 8.5 -5.9 2.72647 0.90883
8.64136 -5.86444 2.91251 0.999634 8.65 -5.85 2.72645 0.908817
8.7596 -5.77001 1.76529 1.46584 8.75 -5.75 1.81789 1.81788
8.8521 -5.65208 1.77962 1.48865 8.85 -5.65 1.81789 1.81788
8.91897 -5.47881 2.49633 1.29042 9 -5.55 2.73109 1.82073
9.13321 -5.45884 2.4956 1.28835 9.15 -5.45 2.73106 1.82072
9.31679 -5.40045 1.79654 1.50872 9.25 -5.35 1.81796 1.81795
9.33219 -5.26135 1.79903 1.51418 9.35 -5.25 1.81794 1.81793
9.45223 -5.12826 2.38143 1.38205 9.5 -5.15 2.72905 1.81937
9.63645 -5.04342 2.39631 1.40984 9.65 -5.05 2.72903 1.81935
9.81691 -5.01655 1.00045 1.72642 9.7 -4.95 0.998666 1.99733
9.75098 -4.84911 1.00716 1.74167 9.75 -4.85 0.998656 1.99731
9.95173 -4.80177 1.68717 1.56292 9.85 -4.75 1.8172 1.81719
9.93619 -4.66537 1.68581 1.56134 9.95 -4.65 1.81717 1.81717
10.127 -4.58616 1.73555 1.58368 10.05 -4.55 1.82042 1.82043
10.146 -4.44366 1.74225 1.6001 10.15 -4.45 1.82041 1.82042
10.3169 -4.34806 2.52196 1.48346 10.3 -4.35 2.72672 1.81782
10.4497 -4.24863 2.52693 1.49587 10.45 -4.25 2.7267 1.8178
10.5701 -4.13959 0.486513 1.83686 10.5 -4.1 0.908764 2.72628
10.5551 -3.95329 0.507315 1.89368 10.55 -3.95 0.908764 2.72628
10.6598 -3.80478 1.37475 1.83523 10.65 -3.8 1.8194 2.72911
10.7597 -3.65511 1.39156 1.88364 10.75 -3.65 1.81939 2.72908
10.8601 -3.56418 1.85513 1.84957 10.85 -3.55 1.81839 1.81838
10.938 -3.46783 1.85152 1.83822 10.95 -3.45 1.81838 1.81838
11.0136 -3.31857 0.702939 2.02039 11 -3.3 0.908549 2.72563
11.0669 -3.14722 0.718897 2.07651 11.05 -3.15 0.908549 2.72564
11.1058 -3.01434 0.788821 2.09029 11.1 -3 0.90888 2.72663
11.1429 -2.84907 0.79959 2.133 11.15 -2.85 0.908863 2.72661
11.1765 -2.7027 0.789248 2.15691 11.2 -2.7 0.909988 2.72995
11.2489 -2.54171 0.799265 2.20104 11.25 -2.55 0.909988 2.72995
11.4337 -2.47988 -0.956518 2.15434 11.2 -2.4 -0.907692 2.72306
11.1748 -2.24295 -0.944651 2.22091 11.15 -2.25 -0.907683 2.72304
11.2232 -2.06173 1.77381 2.27722 11.25 -2.1 1.8219 2.73284
11.3529 -1.97038 1.76965 2.25227 11.35 -1.95 1.82188 2.73281
11.2348 -1.80073 -0.0407226 2.1429 11.35 -1.8 0 2.71996
11.3634 -1.64456 -0.0324647 2.19739 11.35 -1.65 0 2.71993
11.2764 -1.48391 -0.0568478 2.22068 11.35 -1.5 0 2.73448
11.3378 -1.34542 -0.0538257 2.2441 11.35 -1.35 0 2.73446
11.2517 -1.21834 -1.86272 2.08105 11.25 -1.2 -1.99969 2.99952
11.1533 -1.04459 -1.85747 2.14053 11.15 -1.05 -1.99967 2.99949
10.9789 -0.889743 -1.23008 2.24435 11.1 -0.9 -1.00006 3.00024
11.0624 -0.743337 -1.22668 2.28532 11.05 -0.75 -1.00006 3.00021
10.898 -0.658523 -1.81611 2.13629 10.95 -0.649999 -1.81771 1.81773
10.8409 -0.548851 -1.81611 2.13112 10.85 -0.549999 -1.81772 1.81773
10.8204 -0.440916 -1.7067 2.13629 10.75 -0.45 -1.81842 1.8184
10.6655 -0.352845 -1.70774 2.10557 10.65 -0.35 -1.8184 1.81839
10.5493 -0.261754 -3.15415 1.92458 10.5 -0.25 -3.00035 2.00024
10.3496 -0.171777 -3.15437 1.91811 10.35 -0.15 -3.00032 2.00022
10.253 -0.103387 -2.11149 2.02739 10.25 -0.0999996 -2.00053 1.00027
10.1372 -0.0454333 -2.11124 1.98816 10.15 -0.0499992 -2.00053 1.00027
10.0688 0.0205773 -1.98907 1.97197 10.05 9.49949e-07 -2.00009 1.00004
9.92917 0.0568353 -1.98806 1.91519 9.95 0.0500011 -2.00006 1.00003
9.84526 0.030245 -2.89644 1.70692 9.8 0.0500011 -3.00025 0
9.65131 0.0387975 -2.89453 1.63673 9.65 0.0500011 -3.00024 0
9.54339 0.1007 -2.98986 1.61835 9.5 0.100001 -2.99825 0.999409
9.33634 0.139306 -2.98912 1.5795 9.35 0.15 -2.99825 0.999409
9.44055 0.150003 -1.9048 1.63188 9.25 0.15 -1.81915 0
9.1419 0.16307 -1.90314 1.55901 9.15 0.15 -1.81913 0
9.02671 0.192464 -3.03723 1.46047 9 0.2 -2.99927 0.99976
8.82237 0.250819 -3.03698 1.4481 8.85 0.25 -2.99927 0.99976
8.67593 0.251879 -3.063 1.37753 8.7 0.25 -2.99873 0
8.54862 0.248499 -3.05963 1.30905 8.55 0.25 -2.99871 0
